Hysteresekurve

B in mT  Signal in V

-0,633	-0,285
125	-0,320
246	-0,340
360	0,0171
463	0,250
553	0,226
631	0,205
695	0,187
749	0,174
794	0,161
832	0,150
864	0,140
891	0,133
914	0,126
935	0,119
935	0,121
914	0,123
891	0,126
864	0,132
832	0,141
794	0,151
749	0,160
695	0,174
631	0,191
553	0,209
463	0,233
360	0,258
246	0,287
125	0,313
-0,633	0,348
-0,633	0,353
-126	0,388
-247	0,410
-360	0,0635
-462	-0,182
-553	-0,161
-630	-0,141
-695	-0,126
-749	-0,113
-793	-0,100
-831	-0,0908
-863	-0,0840
-891	-0,0757
-916	-0,0732
-936	-0,0693
-936	-0,0703
-916	-0,0781
-891	-0,0840
-863	-0,0933
-831	-0,102
-793	-0,113
-749	-0,126
-695	-0,140
-630	-0,160
-553	-0,178
-462	-0,199
-360	-0,224
-247	-0,251
-126	-0,276
-0,633	-0,311


Temperatur in °C

69,9


Ausgangswerte

U in V  Signal in V

0,00	-0,285
-0,357	-0,320
-0,714	-0,340
-1,07	0,0171
-1,43	0,250
-1,79	0,226
-2,14	0,205
-2,50	0,187
-2,86	0,174
-3,21	0,161
-3,57	0,150
-3,93	0,140
-4,29	0,133
-4,64	0,126
-5,00	0,119
-5,00	0,121
-4,64	0,123
-4,29	0,126
-3,93	0,132
-3,57	0,141
-3,21	0,151
-2,86	0,160
-2,50	0,174
-2,14	0,191
-1,79	0,209
-1,43	0,233
-1,07	0,258
-0,714	0,287
-0,357	0,313
0,00	0,348
0,00	0,353
0,357	0,388
0,714	0,410
1,07	0,0635
1,43	-0,182
1,79	-0,161
2,14	-0,141
2,50	-0,126
2,86	-0,113
3,21	-0,100
3,57	-0,0908
3,93	-0,0840
4,29	-0,0757
4,64	-0,0732
5,00	-0,0693
5,00	-0,0703
4,64	-0,0781
4,29	-0,0840
3,93	-0,0933
3,57	-0,102
3,21	-0,113
2,86	-0,126
2,50	-0,140
2,14	-0,160
1,79	-0,178
1,43	-0,199
1,07	-0,224
0,714	-0,251
0,357	-0,276
0,00	-0,311
