Hysteresekurve

B in mT  Signal in V

-0,633	-0,292
125	-0,325
246	-0,322
360	0,255
463	0,239
553	0,215
631	0,194
695	0,176
749	0,162
794	0,147
832	0,137
864	0,130
891	0,120
914	0,116
935	0,107
935	0,107
914	0,112
891	0,116
864	0,123
832	0,131
794	0,140
749	0,154
695	0,166
631	0,184
553	0,202
463	0,227
360	0,250
246	0,279
125	0,307
-0,633	0,343
-0,633	0,346
-126	0,380
-247	0,384
-360	-0,193
-462	-0,177
-553	-0,154
-630	-0,137
-695	-0,119
-749	-0,107
-793	-0,0957
-831	-0,0879
-863	-0,0791
-891	-0,0723
-916	-0,0684
-936	-0,0630
-936	-0,0635
-916	-0,0693
-891	-0,0767
-863	-0,0835
-831	-0,0952
-793	-0,104
-749	-0,118
-695	-0,131
-630	-0,148
-553	-0,168
-462	-0,189
-360	-0,214
-247	-0,240
-126	-0,265
-0,633	-0,298


Temperatur in °C

76,4


Ausgangswerte

U in V  Signal in V

0,00	-0,292
-0,357	-0,325
-0,714	-0,322
-1,07	0,255
-1,43	0,239
-1,79	0,215
-2,14	0,194
-2,50	0,176
-2,86	0,162
-3,21	0,147
-3,57	0,137
-3,93	0,130
-4,29	0,120
-4,64	0,116
-5,00	0,107
-5,00	0,107
-4,64	0,112
-4,29	0,116
-3,93	0,123
-3,57	0,131
-3,21	0,140
-2,86	0,154
-2,50	0,166
-2,14	0,184
-1,79	0,202
-1,43	0,227
-1,07	0,250
-0,714	0,279
-0,357	0,307
0,00	0,343
0,00	0,346
0,357	0,380
0,714	0,384
1,07	-0,193
1,43	-0,177
1,79	-0,154
2,14	-0,137
2,50	-0,119
2,86	-0,107
3,21	-0,0957
3,57	-0,0879
3,93	-0,0791
4,29	-0,0723
4,64	-0,0684
5,00	-0,0630
5,00	-0,0635
4,64	-0,0693
4,29	-0,0767
3,93	-0,0835
3,57	-0,0952
3,21	-0,104
2,86	-0,118
2,50	-0,131
2,14	-0,148
1,79	-0,168
1,43	-0,189
1,07	-0,214
0,714	-0,240
0,357	-0,265
0,00	-0,298
