Hysteresekurve

B in mT  Signal in V

-0,633	-0,251
125	-0,284
246	-0,310
360	-0,315
463	0,0142
553	0,310
631	0,295
695	0,280
749	0,266
794	0,256
832	0,248
864	0,239
891	0,231
914	0,227
935	0,222
935	0,224
914	0,225
891	0,230
864	0,235
832	0,242
794	0,249
749	0,258
695	0,270
631	0,283
553	0,301
463	0,320
360	0,345
246	0,371
125	0,394
-0,633	0,428
-0,633	0,431
-126	0,468
-247	0,492
-360	0,502
-462	0,172
-553	-0,122
-630	-0,103
-695	-0,0850
-749	-0,0708
-793	-0,0581
-831	-0,0479
-863	-0,0371
-891	-0,0312
-916	-0,0200
-936	-0,0156
-936	-0,0156
-916	-0,0234
-891	-0,0303
-863	-0,0405
-831	-0,0498
-793	-0,0620
-749	-0,0718
-695	-0,0869
-630	-0,104
-553	-0,125
-462	-0,146
-360	-0,171
-247	-0,197
-126	-0,224
-0,633	-0,256


Temperatur in °C

55,8


Ausgangswerte

U in V  Signal in V

0,00	-0,251
-0,357	-0,284
-0,714	-0,310
-1,07	-0,315
-1,43	0,0142
-1,79	0,310
-2,14	0,295
-2,50	0,280
-2,86	0,266
-3,21	0,256
-3,57	0,248
-3,93	0,239
-4,29	0,231
-4,64	0,227
-5,00	0,222
-5,00	0,224
-4,64	0,225
-4,29	0,230
-3,93	0,235
-3,57	0,242
-3,21	0,249
-2,86	0,258
-2,50	0,270
-2,14	0,283
-1,79	0,301
-1,43	0,320
-1,07	0,345
-0,714	0,371
-0,357	0,394
0,00	0,428
0,00	0,431
0,357	0,468
0,714	0,492
1,07	0,502
1,43	0,172
1,79	-0,122
2,14	-0,103
2,50	-0,0850
2,86	-0,0708
3,21	-0,0581
3,57	-0,0479
3,93	-0,0371
4,29	-0,0312
4,64	-0,0200
5,00	-0,0156
5,00	-0,0156
4,64	-0,0234
4,29	-0,0303
3,93	-0,0405
3,57	-0,0498
3,21	-0,0620
2,86	-0,0718
2,50	-0,0869
2,14	-0,104
1,79	-0,125
1,43	-0,146
1,07	-0,171
0,714	-0,197
0,357	-0,224
0,00	-0,256
