Hysteresekurve

B in mT  Signal in V

-0,633	-0,0259
125	-0,0449
246	-0,0596
360	-0,0752
463	-0,0845
553	-0,0767
631	0,0151
695	0,285
749	0,541
794	0,540
832	0,532
864	0,529
891	0,523
914	0,519
935	0,515
935	0,511
914	0,517
891	0,517
864	0,520
832	0,525
794	0,529
749	0,536
695	0,543
631	0,555
553	0,562
463	0,576
360	0,590
246	0,604
125	0,618
-0,633	0,639
-0,633	0,641
-126	0,662
-247	0,677
-360	0,689
-462	0,701
-553	0,687
-630	0,600
-695	0,324
-749	0,0889
-793	0,0918
-831	0,0967
-863	0,102
-891	0,107
-916	0,115
-936	0,118
-936	0,122
-916	0,121
-891	0,119
-863	0,115
-831	0,107
-793	0,104
-749	0,0972
-695	0,0845
-630	0,0747
-553	0,0625
-462	0,0469
-360	0,0298
-247	0,0112
-126	-0,00488
-0,633	-0,0234


Temperatur in °C

31,4


Ausgangswerte

U in V  Signal in V

0,00	-0,0259
-0,357	-0,0449
-0,714	-0,0596
-1,07	-0,0752
-1,43	-0,0845
-1,79	-0,0767
-2,14	0,0151
-2,50	0,285
-2,86	0,541
-3,21	0,540
-3,57	0,532
-3,93	0,529
-4,29	0,523
-4,64	0,519
-5,00	0,515
-5,00	0,511
-4,64	0,517
-4,29	0,517
-3,93	0,520
-3,57	0,525
-3,21	0,529
-2,86	0,536
-2,50	0,543
-2,14	0,555
-1,79	0,562
-1,43	0,576
-1,07	0,590
-0,714	0,604
-0,357	0,618
0,00	0,639
0,00	0,641
0,357	0,662
0,714	0,677
1,07	0,689
1,43	0,701
1,79	0,687
2,14	0,600
2,50	0,324
2,86	0,0889
3,21	0,0918
3,57	0,0967
3,93	0,102
4,29	0,107
4,64	0,115
5,00	0,118
5,00	0,122
4,64	0,121
4,29	0,119
3,93	0,115
3,57	0,107
3,21	0,104
2,86	0,0972
2,50	0,0845
2,14	0,0747
1,79	0,0625
1,43	0,0469
1,07	0,0298
0,714	0,0112
0,357	-0,00488
0,00	-0,0234
