Hysteresekurve

B in mT  Signal in V

-0,633	-0,294
125	-0,328
246	-0,353
360	-0,284
463	0,253
553	0,234
631	0,215
695	0,196
749	0,184
794	0,171
832	0,160
864	0,153
891	0,146
914	0,142
935	0,133
935	0,133
914	0,137
891	0,141
864	0,146
832	0,154
794	0,161
749	0,173
695	0,186
631	0,201
553	0,219
463	0,242
360	0,269
246	0,295
125	0,324
-0,633	0,360
-0,633	0,365
-126	0,403
-247	0,427
-360	0,364
-462	-0,181
-553	-0,162
-630	-0,140
-695	-0,125
-749	-0,112
-793	-0,0977
-831	-0,0879
-863	-0,0767
-891	-0,0698
-916	-0,0605
-936	-0,0547
-936	-0,0542
-916	-0,0605
-891	-0,0645
-863	-0,0732
-831	-0,0835
-793	-0,0952
-749	-0,107
-695	-0,123
-630	-0,139
-553	-0,158
-462	-0,179
-360	-0,205
-247	-0,233
-126	-0,255
-0,633	-0,289


Temperatur in °C

63,6


Ausgangswerte

U in V  Signal in V

0,00	-0,294
-0,357	-0,328
-0,714	-0,353
-1,07	-0,284
-1,43	0,253
-1,79	0,234
-2,14	0,215
-2,50	0,196
-2,86	0,184
-3,21	0,171
-3,57	0,160
-3,93	0,153
-4,29	0,146
-4,64	0,142
-5,00	0,133
-5,00	0,133
-4,64	0,137
-4,29	0,141
-3,93	0,146
-3,57	0,154
-3,21	0,161
-2,86	0,173
-2,50	0,186
-2,14	0,201
-1,79	0,219
-1,43	0,242
-1,07	0,269
-0,714	0,295
-0,357	0,324
0,00	0,360
0,00	0,365
0,357	0,403
0,714	0,427
1,07	0,364
1,43	-0,181
1,79	-0,162
2,14	-0,140
2,50	-0,125
2,86	-0,112
3,21	-0,0977
3,57	-0,0879
3,93	-0,0767
4,29	-0,0698
4,64	-0,0605
5,00	-0,0547
5,00	-0,0542
4,64	-0,0605
4,29	-0,0645
3,93	-0,0732
3,57	-0,0835
3,21	-0,0952
2,86	-0,107
2,50	-0,123
2,14	-0,139
1,79	-0,158
1,43	-0,179
1,07	-0,205
0,714	-0,233
0,357	-0,255
0,00	-0,289
