Hysteresekurve

B in mT  Signal in V

-0,633	-0,111
72,8	-0,126
145	-0,142
216	0,311
285	0,425
351	0,409
413	0,392
471	0,376
525	0,361
574	0,345
619	0,329
659	0,317
695	0,301
728	0,289
757	0,277
783	0,265
807	0,256
829	0,247
848	0,237
866	0,230
883	0,224
897	0,217
911	0,211
923	0,206
935	0,203
935	0,205
923	0,208
911	0,213
897	0,215
883	0,215
866	0,224
848	0,230
829	0,234
807	0,238
783	0,246
757	0,256
728	0,268
695	0,277
659	0,287
619	0,300
574	0,314
525	0,329
471	0,347
413	0,365
351	0,386
285	0,403
216	0,425
145	0,443
72,8	0,468
-0,633	0,485
-0,633	0,496
-74,0	0,512
-146	0,530
-217	0,110
-285	-0,0361
-351	-0,0215
-413	-0,00928
-470	0,00684
-524	0,0190
-573	0,0273
-618	0,0361
-658	0,0449
-695	0,0527
-728	0,0566
-757	0,0596
-783	0,0630
-807	0,0669
-828	0,0728
-848	0,0703
-866	0,0752
-882	0,0786
-898	0,0806
-912	0,0815
-924	0,0854
-936	0,0850
-936	0,0850
-924	0,0801
-912	0,0791
-898	0,0767
-882	0,0737
-866	0,0728
-848	0,0684
-828	0,0640
-807	0,0596
-783	0,0547
-757	0,0483
-728	0,0459
-695	0,0410
-658	0,0337
-618	0,0278
-573	0,0166
-524	0,00928
-470	0,00
-413	-0,0122
-351	-0,0229
-285	-0,0332
-217	-0,0483
-146	-0,0596
-74,0	-0,0762
-0,633	-0,0884


Temperatur in °C

97,4


Ausgangswerte

U in V  Signal in V

0,00	-0,111
-0,208	-0,126
-0,417	-0,142
-0,625	0,311
-0,833	0,425
-1,04	0,409
-1,25	0,392
-1,46	0,376
-1,67	0,361
-1,87	0,345
-2,08	0,329
-2,29	0,317
-2,50	0,301
-2,71	0,289
-2,92	0,277
-3,12	0,265
-3,33	0,256
-3,54	0,247
-3,75	0,237
-3,96	0,230
-4,17	0,224
-4,37	0,217
-4,58	0,211
-4,79	0,206
-5,00	0,203
-5,00	0,205
-4,79	0,208
-4,58	0,213
-4,37	0,215
-4,17	0,215
-3,96	0,224
-3,75	0,230
-3,54	0,234
-3,33	0,238
-3,12	0,246
-2,92	0,256
-2,71	0,268
-2,50	0,277
-2,29	0,287
-2,08	0,300
-1,87	0,314
-1,67	0,329
-1,46	0,347
-1,25	0,365
-1,04	0,386
-0,833	0,403
-0,625	0,425
-0,417	0,443
-0,208	0,468
0,00	0,485
0,00	0,496
0,208	0,512
0,417	0,530
0,625	0,110
0,833	-0,0361
1,04	-0,0215
1,25	-0,00928
1,46	0,00684
1,67	0,0190
1,87	0,0273
2,08	0,0361
2,29	0,0449
2,50	0,0527
2,71	0,0566
2,92	0,0596
3,12	0,0630
3,33	0,0669
3,54	0,0728
3,75	0,0703
3,96	0,0752
4,17	0,0786
4,37	0,0806
4,58	0,0815
4,79	0,0854
5,00	0,0850
5,00	0,0850
4,79	0,0801
4,58	0,0791
4,37	0,0767
4,17	0,0737
3,96	0,0728
3,75	0,0684
3,54	0,0640
3,33	0,0596
3,12	0,0547
2,92	0,0483
2,71	0,0459
2,50	0,0410
2,29	0,0337
2,08	0,0278
1,87	0,0166
1,67	0,00928
1,46	0,00
1,25	-0,0122
1,04	-0,0229
0,833	-0,0332
0,625	-0,0483
0,417	-0,0596
0,208	-0,0762
0,00	-0,0884
