Kalibrierungskurve

U in V  B in mT

-5,00	935
-4,90	928
-4,80	923
-4,69	917
-4,59	911
-4,49	907
-4,39	899
-4,29	892
-4,18	883
-4,08	876
-3,98	868
-3,88	859
-3,78	851
-3,67	842
-3,57	831
-3,47	821
-3,37	811
-3,27	799
-3,16	787
-3,06	775
-2,96	763
-2,86	750
-2,76	737
-2,65	720
-2,55	705
-2,45	687
-2,35	669
-2,24	651
-2,14	630
-2,04	610
-1,94	588
-1,84	564
-1,73	540
-1,63	516
-1,53	489
-1,43	463
-1,33	434
-1,22	405
-1,12	375
-1,02	342
-0,918	310
-0,816	278
-0,714	244
-0,612	210
-0,510	185
-0,408	167
-0,306	118
-0,204	69,8
-0,102	22,0
0,00	-21,5
0,102	-21,5
0,204	-69,3
0,306	-115
0,408	-163
0,510	-184
0,612	-207
0,714	-242
0,816	-275
0,918	-309
1,02	-342
1,12	-373
1,22	-405
1,33	-433
1,43	-462
1,53	-490
1,63	-517
1,73	-541
1,84	-563
1,94	-587
2,04	-609
2,14	-629
2,24	-650
2,35	-669
2,45	-688
2,55	-705
2,65	-720
2,76	-735
2,86	-749
2,96	-762
3,06	-775
3,16	-787
3,27	-798
3,37	-810
3,47	-820
3,57	-830
3,67	-841
3,78	-850
3,88	-858
3,98	-867
4,08	-876
4,18	-885
4,29	-893
4,39	-899
4,49	-906
4,59	-912
4,69	-917
4,80	-923
4,90	-931
5,00	-936
