-0.633	-0.213
125	-0.237
246	-0.254
360	-0.267
463	-0.275
553	-0.221
631	0.00146
695	0.383
749	0.377
794	0.373
832	0.368
864	0.362
891	0.357
914	0.356
935	0.353
935	0.356
914	0.359
891	0.360
864	0.366
832	0.368
794	0.374
749	0.378
695	0.387
631	0.395
553	0.405
463	0.414
360	0.427
246	0.441
125	0.456
-0.633	0.475
-0.633	0.476
-126	0.500
-247	0.518
-360	0.537
-462	0.549
-553	0.508
-630	0.296
-695	-0.0801
-749	-0.0737
-793	-0.0610
-831	-0.0537
-863	-0.0430
-891	-0.0391
-916	-0.0332
-936	-0.0254
-936	-0.0254
-916	-0.0312
-891	-0.0386
-863	-0.0420
-831	-0.0522
-793	-0.0605
-749	-0.0693
-695	-0.0791
-630	-0.0952
-553	-0.112
-462	-0.127
-360	-0.147
-247	-0.167
-126	-0.189
-0.633	-0.213
