-0.633	-0.182
72.8	-0.195
145	-0.212
216	-0.102
285	0.326
351	0.348
413	0.333
471	0.317
525	0.300
574	0.287
619	0.271
659	0.260
695	0.245
728	0.234
757	0.224
783	0.213
807	0.201
829	0.193
848	0.185
866	0.177
883	0.170
897	0.166
911	0.162
923	0.157
935	0.150
935	0.148
923	0.151
911	0.154
897	0.157
883	0.158
866	0.167
848	0.171
829	0.177
807	0.187
783	0.194
757	0.202
728	0.211
695	0.221
659	0.231
619	0.244
574	0.255
525	0.271
471	0.284
413	0.300
351	0.318
285	0.337
216	0.353
145	0.371
72.8	0.392
-0.633	0.411
-0.633	0.424
-74.0	0.439
-146	0.458
-217	0.356
-285	-0.0767
-351	-0.106
-413	-0.0894
-470	-0.0757
-524	-0.0654
-573	-0.0571
-618	-0.0459
-658	-0.0391
-695	-0.0317
-728	-0.0264
-757	-0.0200
-783	-0.0161
-807	-0.0146
-828	-0.0107
-848	-0.00635
-866	-0.00586
-882	-0.00391
-898	0.000977
-912	0.00244
-924	0.00146
-936	0.00537
-936	0.00293
-924	-0.00195
-912	-0.00439
-898	-0.00732
-882	-0.0127
-866	-0.0146
-848	-0.0181
-828	-0.0229
-807	-0.0273
-783	-0.0332
-757	-0.0386
-728	-0.0454
-695	-0.0522
-658	-0.0586
-618	-0.0698
-573	-0.0776
-524	-0.0913
-470	-0.103
-413	-0.116
-351	-0.126
-285	-0.137
-217	-0.150
-146	-0.162
-74.0	-0.180
-0.633	-0.192
