-0.633	-0.266
125	-0.298
246	-0.133
360	0.269
463	0.244
553	0.217
631	0.198
695	0.176
749	0.157
794	0.140
832	0.121
864	0.110
891	0.0981
914	0.0889
935	0.0811
935	0.0820
914	0.0864
891	0.0928
864	0.104
832	0.111
794	0.123
749	0.135
695	0.153
631	0.171
553	0.192
463	0.217
360	0.248
246	0.277
125	0.310
-0.633	0.343
-0.633	0.349
-126	0.382
-247	0.243
-360	-0.190
-462	-0.170
-553	-0.150
-630	-0.132
-695	-0.119
-749	-0.106
-793	-0.0986
-831	-0.0894
-863	-0.0815
-891	-0.0752
-916	-0.0728
-936	-0.0669
-936	-0.0674
-916	-0.0732
-891	-0.0752
-863	-0.0820
-831	-0.0894
-793	-0.0986
-749	-0.108
-695	-0.117
-630	-0.130
-553	-0.146
-462	-0.166
-360	-0.187
-247	-0.210
-126	-0.233
-0.633	-0.264
0.00	-0.264
