-0.633	0.00439
125	-0.0273
246	-0.0483
360	-0.0693
463	-0.0713
553	0.0601
631	0.597
695	0.602
749	0.590
794	0.579
832	0.570
864	0.565
891	0.560
914	0.554
935	0.550
935	0.548
914	0.549
891	0.553
864	0.561
832	0.563
794	0.571
749	0.577
695	0.583
631	0.599
553	0.609
463	0.628
360	0.644
246	0.666
125	0.686
-0.633	0.712
-0.633	0.713
-126	0.741
-247	0.763
-360	0.781
-462	0.784
-553	0.647
-630	0.112
-695	0.109
-749	0.124
-793	0.134
-831	0.141
-863	0.150
-891	0.153
-916	0.160
-936	0.163
-936	0.160
-916	0.155
-891	0.148
-863	0.141
-831	0.133
-793	0.121
-749	0.109
-695	0.0957
-630	0.0820
-553	0.0630
-462	0.0444
-360	0.0210
-247	-0.00195
-126	-0.0278
-0.633	-0.0576
