-0.633	-0.385
125	-0.417
246	-0.441
360	-0.458
463	-0.393
553	0.194
631	0.206
695	0.190
749	0.182
794	0.172
832	0.164
864	0.155
891	0.151
914	0.146
935	0.141
935	0.139
914	0.144
891	0.145
864	0.151
832	0.153
794	0.162
749	0.168
695	0.175
631	0.187
553	0.201
463	0.215
360	0.235
246	0.255
125	0.275
-0.633	0.306
-0.633	0.307
-126	0.338
-247	0.361
-360	0.380
-462	0.318
-553	-0.263
-630	-0.267
-695	-0.248
-749	-0.235
-793	-0.223
-831	-0.215
-863	-0.204
-891	-0.196
-916	-0.189
-936	-0.183
-936	-0.185
-916	-0.192
-891	-0.202
-863	-0.209
-831	-0.222
-793	-0.234
-749	-0.248
-695	-0.262
-630	-0.281
-553	-0.301
-462	-0.326
-360	-0.353
-247	-0.380
-126	-0.406
-0.633	-0.437
