0.000000	36.890000	1.560000E-5
1.000000	349.100000	6.810000E-5
2.000000	348.500000	6.740000E-5
3.000000	348.000000	6.720000E-5
4.000000	345.400000	6.550000E-5
5.000000	343.100000	6.580000E-5
6.000000	340.800000	6.430000E-5
7.000000	338.900000	6.370000E-5
8.000000	337.800000	6.310000E-5
9.000000	335.400000	6.180000E-5
10.000000	332.600000	6.030000E-5
11.000000	330.300000	6.080000E-5
12.000000	327.200000	5.760000E-5
13.000000	324.300000	5.860000E-5
14.000000	323.400000	5.790000E-5
15.000000	320.600000	5.750000E-5
16.000000	316.700000	5.550000E-5
17.000000	316.600000	5.540000E-5
18.000000	313.700000	5.360000E-5
19.000000	310.200000	5.410000E-5
20.000000	308.700000	5.370000E-5
21.000000	307.100000	5.190000E-5
22.000000	304.800000	5.030000E-5
23.000000	300.500000	5.110000E-5
24.000000	297.500000	4.780000E-5
25.000000	294.700000	4.810000E-5
26.000000	294.700000	4.810000E-5
27.000000	287.400000	4.710000E-5
28.000000	284.400000	4.430000E-5
29.000000	280.400000	4.590000E-5
30.000000	277.900000	4.380000E-5
31.000000	276.800000	4.410000E-5
32.000000	275.400000	4.370000E-5
33.000000	272.100000	4.260000E-5
34.000000	271.300000	4.040000E-5
35.000000	265.800000	4.140000E-5
36.000000	261.300000	3.970000E-5
37.000000	257.300000	3.510000E-5
38.000000	251.500000	3.560000E-5
39.000000	246.000000	3.630000E-5
40.000000	245.100000	3.540000E-5
41.000000	242.900000	3.500000E-5
42.000000	238.900000	3.450000E-5
43.000000	236.600000	3.450000E-5
44.000000	233.700000	3.310000E-5
45.000000	228.500000	3.030000E-5
46.000000	220.900000	3.100000E-5
47.000000	219.900000	3.040000E-5
48.000000	214.600000	2.940000E-5
49.000000	210.900000	2.960000E-5
50.000000	209.700000	2.950000E-5
51.000000	208.500000	2.800000E-5
52.000000	205.300000	2.720000E-5
53.000000	202.100000	2.760000E-5
54.000000	196.300000	2.710000E-5
55.000000	196.100000	2.660000E-5
56.000000	193.800000	2.670000E-5
57.000000	190.200000	2.570000E-5
58.000000	185.600000	2.460000E-5
59.000000	183.400000	2.440000E-5
60.000000	181.800000	2.570000E-5
61.000000	179.800000	2.410000E-5
62.000000	179.300000	2.600000E-5
63.000000	177.900000	2.460000E-5
64.000000	175.000000	2.310000E-5
65.000000	169.500000	2.340000E-5
66.000000	165.000000	2.280000E-5
67.000000	164.900000	2.250000E-5
68.000000	158.500000	2.290000E-5
69.000000	149.900000	2.240000E-5
70.000000	144.100000	2.130000E-5
71.000000	142.600000	2.130000E-5
72.000000	141.200000	2.110000E-5
73.000000	133.500000	2.110000E-5
74.000000	131.200000	2.080000E-5
75.000000	127.300000	2.040000E-5
76.000000	122.300000	2.070000E-5
77.000000	115.100000	2.090000E-5
78.000000	110.200000	1.990000E-5
79.000000	103.600000	2.010000E-5
80.000000	97.500000	1.920000E-5
81.000000	89.100000	1.940000E-5
82.000000	82.300000	1.870000E-5
83.000000	70.000000	1.750000E-5
84.000000	59.400000	1.690000E-5
85.000000	54.000000	1.700000E-5
86.000000	46.700000	1.720000E-5
87.000000	46.700000	1.610000E-5
88.000000	39.900000	1.670000E-5
89.000000	30.920000	1.490000E-5
90.000000	24.050000	1.430000E-5
91.000000	19.950000	1.430000E-5
92.000000	12.730000	1.600000E-5
93.000000	8.800000	1.320000E-5
94.000000	4.240000	1.250000E-5
95.000000	-2.496000	0.000000
96.000000	-3.880000	-5.000000E-7
97.000000	-5.050000	-1.900000E-6
98.000000	-6.170000	-2.200000E-6
99.000000	-7.200000	-2.900000E-6
100.000000	-7.780000	-3.200000E-6
101.000000	-9.850000	-3.800000E-6
102.000000	-11.320000	-4.100000E-6
103.000000	-15.730000	-4.500000E-6
104.000000	-19.810000	-4.900000E-6
105.000000	-20.910000	-5.000000E-6
106.000000	-23.890000	-5.200000E-6
107.000000	-28.400000	-5.400000E-6
108.000000	-30.030000	-5.600000E-6
109.000000	-30.050000	-5.600000E-6
110.000000	-38.730000	-6.000000E-6
111.000000	-38.980000	-6.200000E-6
112.000000	-44.200000	-6.500000E-6
113.000000	-51.300000	-6.800000E-6
114.000000	-57.000000	-7.100000E-6
115.000000	-60.000000	-7.400000E-6
116.000000	-64.600000	-7.800000E-6
117.000000	-70.000000	-7.900000E-6
118.000000	-74.200000	-8.300000E-6
119.000000	-80.600000	-8.500000E-6
120.000000	-84.900000	-8.600000E-6
121.000000	-89.200000	-8.900000E-6
122.000000	-92.700000	-9.100000E-6
123.000000	-98.600000	-9.500000E-6
124.000000	-102.800000	-9.800000E-6
125.000000	-103.100000	-1.000000E-5
126.000000	-111.500000	-1.030000E-5
127.000000	-111.700000	-1.040000E-5
128.000000	-118.000000	-1.060000E-5
129.000000	-120.700000	-1.080000E-5
130.000000	-125.900000	-1.120000E-5
131.000000	-131.400000	-1.150000E-5
132.000000	-135.800000	-1.190000E-5
133.000000	-139.900000	-1.210000E-5
134.000000	-145.100000	-1.250000E-5
135.000000	-149.000000	-1.290000E-5
136.000000	-152.400000	-1.320000E-5
137.000000	-156.100000	-1.360000E-5
138.000000	-160.500000	-1.390000E-5
139.000000	-160.500000	-1.390000E-5
140.000000	-168.300000	-1.470000E-5
141.000000	-171.800000	-1.500000E-5
142.000000	-175.500000	-1.540000E-5
143.000000	-179.900000	-1.580000E-5
144.000000	-185.600000	-1.640000E-5
145.000000	-186.100000	-1.680000E-5
146.000000	-190.100000	-1.740000E-5
147.000000	-193.100000	-1.780000E-5
148.000000	-197.000000	-1.820000E-5
149.000000	-203.000000	-1.900000E-5
150.000000	-207.200000	-1.980000E-5
151.000000	-214.300000	-2.110000E-5
152.000000	-219.300000	-2.210000E-5
153.000000	-224.400000	-2.280000E-5
154.000000	-228.900000	-2.370000E-5
155.000000	-236.200000	-2.480000E-5
156.000000	-245.100000	-2.700000E-5
157.000000	-256.900000	-2.860000E-5
158.000000	-262.600000	-3.080000E-5
159.000000	-263.000000	-3.200000E-5
160.000000	-279.700000	-3.580000E-5
161.000000	-295.500000	-4.230000E-5
162.000000	-297.800000	-4.240000E-5
163.000000	-300.400000	-4.300000E-5
164.000000	-308.000000	-4.650000E-5
165.000000	-312.500000	-4.720000E-5
166.000000	-317.300000	-4.880000E-5
167.000000	-327.300000	-5.330000E-5
168.000000	-331.200000	-5.350000E-5
169.000000	-336.500000	-5.800000E-5
170.000000	-346.400000	-6.070000E-5
171.000000	-349.100000	-6.170000E-5
172.000000	-349.100000	-6.210000E-5
