0.000000	-0.816000	1.800000E-6
1.000000	-119.200000	-2.850000E-5
2.000000	-119.500000	-2.870000E-5
3.000000	-118.800000	-2.870000E-5
4.000000	-118.000000	-2.860000E-5
5.000000	-116.400000	-2.860000E-5
6.000000	-115.700000	-2.840000E-5
7.000000	-114.200000	-2.830000E-5
8.000000	-113.200000	-2.820000E-5
9.000000	-111.800000	-2.810000E-5
10.000000	-110.800000	-2.800000E-5
11.000000	-110.100000	-2.790000E-5
12.000000	-108.700000	-2.780000E-5
13.000000	-107.800000	-2.780000E-5
14.000000	-107.100000	-2.770000E-5
15.000000	-106.000000	-2.760000E-5
16.000000	-105.200000	-2.750000E-5
17.000000	-103.900000	-2.740000E-5
18.000000	-102.600000	-2.720000E-5
19.000000	-102.600000	-2.720000E-5
20.000000	-99.600000	-2.690000E-5
21.000000	-97.000000	-2.660000E-5
22.000000	-96.000000	-2.640000E-5
23.000000	-94.900000	-2.620000E-5
24.000000	-94.000000	-2.610000E-5
25.000000	-92.600000	-2.590000E-5
26.000000	-91.400000	-2.570000E-5
27.000000	-89.600000	-2.550000E-5
28.000000	-87.800000	-2.530000E-5
29.000000	-86.900000	-2.510000E-5
30.000000	-85.400000	-2.490000E-5
31.000000	-83.300000	-2.450000E-5
32.000000	-83.300000	-2.450000E-5
33.000000	-81.600000	-2.410000E-5
34.000000	-79.800000	-2.370000E-5
35.000000	-78.700000	-2.360000E-5
36.000000	-78.700000	-2.360000E-5
37.000000	-76.500000	-2.300000E-5
38.000000	-76.500000	-2.300000E-5
39.000000	-75.000000	-2.270000E-5
40.000000	-75.000000	-2.270000E-5
41.000000	-73.600000	-2.240000E-5
42.000000	-72.800000	-2.230000E-5
43.000000	-72.200000	-2.210000E-5
44.000000	-71.000000	-2.180000E-5
45.000000	-70.100000	-2.160000E-5
46.000000	-69.000000	-2.140000E-5
47.000000	-68.100000	-2.120000E-5
48.000000	-68.100000	-2.120000E-5
49.000000	-65.900000	-2.080000E-5
50.000000	-64.900000	-2.060000E-5
51.000000	-64.000000	-2.030000E-5
52.000000	-63.100000	-2.010000E-5
53.000000	-62.300000	-1.990000E-5
54.000000	-59.700000	-1.930000E-5
55.000000	-59.600000	-1.930000E-5
56.000000	-59.000000	-1.920000E-5
57.000000	-58.200000	-1.900000E-5
58.000000	-57.300000	-1.880000E-5
59.000000	-56.100000	-1.860000E-5
60.000000	-55.000000	-1.840000E-5
61.000000	-53.700000	-1.810000E-5
62.000000	-52.600000	-1.790000E-5
63.000000	-51.300000	-1.760000E-5
64.000000	-49.500000	-1.730000E-5
65.000000	-48.100000	-1.700000E-5
66.000000	-46.200000	-1.660000E-5
67.000000	-46.200000	-1.660000E-5
68.000000	-44.100000	-1.620000E-5
69.000000	-42.600000	-1.580000E-5
70.000000	-41.200000	-1.550000E-5
71.000000	-40.000000	-1.520000E-5
72.000000	-40.000000	-1.520000E-5
73.000000	-38.800000	-1.500000E-5
74.000000	-37.900000	-1.480000E-5
75.000000	-36.400000	-1.450000E-5
76.000000	-34.730000	-1.420000E-5
77.000000	-34.730000	-1.420000E-5
78.000000	-32.670000	-1.380000E-5
79.000000	-30.940000	-1.350000E-5
80.000000	-29.200000	-1.310000E-5
81.000000	-29.200000	-1.310000E-5
82.000000	-25.740000	-1.230000E-5
83.000000	-23.530000	-1.180000E-5
84.000000	-23.530000	-1.180000E-5
85.000000	-19.320000	-1.090000E-5
86.000000	-17.360000	-1.020000E-5
87.000000	-17.360000	-1.020000E-5
88.000000	-13.910000	-9.100000E-6
89.000000	-13.910000	-9.100000E-6
90.000000	-10.090000	-7.600000E-6
91.000000	-8.810000	-6.400000E-6
92.000000	-8.100000	-5.700000E-6
93.000000	-7.950000	-5.700000E-6
94.000000	-6.780000	-5.200000E-6
95.000000	-6.740000	-4.700000E-6
96.000000	-6.370000	-4.500000E-6
97.000000	-6.040000	-4.300000E-6
98.000000	-5.740000	-4.000000E-6
99.000000	-5.740000	-4.000000E-6
100.000000	-5.360000	-3.700000E-6
101.000000	-5.360000	-3.700000E-6
102.000000	-4.710000	-3.100000E-6
103.000000	-4.230000	-2.700000E-6
104.000000	-3.880000	-2.200000E-6
105.000000	-3.322000	-1.800000E-6
106.000000	-2.737000	-1.300000E-6
107.000000	-2.414000	-8.000000E-7
108.000000	-2.162000	-4.000000E-7
109.000000	-1.619000	1.000000E-7
110.000000	-0.877000	1.100000E-6
111.000000	0.748000	3.300000E-6
112.000000	0.835000	3.600000E-6
113.000000	0.945000	3.600000E-6
114.000000	1.405000	3.900000E-6
115.000000	1.906000	4.400000E-6
116.000000	2.663000	5.200000E-6
117.000000	3.206000	5.900000E-6
118.000000	4.420000	6.900000E-6
119.000000	4.790000	7.800000E-6
120.000000	5.740000	8.300000E-6
121.000000	6.190000	8.900000E-6
122.000000	6.220000	9.300000E-6
123.000000	6.930000	9.800000E-6
124.000000	7.160000	1.000000E-5
125.000000	7.860000	1.040000E-5
126.000000	7.860000	1.040000E-5
127.000000	9.060000	1.120000E-5
128.000000	9.060000	1.120000E-5
129.000000	9.940000	1.150000E-5
130.000000	10.320000	1.190000E-5
131.000000	11.300000	1.220000E-5
132.000000	11.300000	1.220000E-5
133.000000	12.830000	1.290000E-5
134.000000	13.760000	1.330000E-5
135.000000	14.710000	1.380000E-5
136.000000	15.720000	1.410000E-5
137.000000	16.250000	1.430000E-5
138.000000	16.850000	1.460000E-5
139.000000	17.720000	1.480000E-5
140.000000	19.090000	1.510000E-5
141.000000	19.090000	1.510000E-5
142.000000	20.860000	1.560000E-5
143.000000	22.200000	1.590000E-5
144.000000	23.270000	1.620000E-5
145.000000	23.770000	1.640000E-5
146.000000	24.580000	1.660000E-5
147.000000	26.230000	1.680000E-5
148.000000	26.290000	1.700000E-5
149.000000	27.040000	1.720000E-5
150.000000	27.730000	1.740000E-5
151.000000	27.980000	1.750000E-5
152.000000	28.420000	1.750000E-5
153.000000	28.420000	1.750000E-5
154.000000	30.520000	1.780000E-5
155.000000	31.680000	1.820000E-5
156.000000	31.680000	1.820000E-5
157.000000	34.830000	1.860000E-5
158.000000	34.830000	1.860000E-5
159.000000	37.820000	1.930000E-5
160.000000	39.950000	1.970000E-5
161.000000	39.950000	1.970000E-5
162.000000	41.200000	2.010000E-5
163.000000	42.500000	2.040000E-5
164.000000	42.800000	2.050000E-5
165.000000	43.700000	2.060000E-5
166.000000	43.900000	2.070000E-5
167.000000	44.400000	2.080000E-5
168.000000	45.700000	2.100000E-5
169.000000	47.100000	2.120000E-5
170.000000	48.000000	2.150000E-5
171.000000	49.400000	2.170000E-5
172.000000	51.600000	2.200000E-5
173.000000	51.600000	2.200000E-5
174.000000	54.100000	2.250000E-5
175.000000	56.000000	2.290000E-5
176.000000	56.000000	2.290000E-5
177.000000	56.000000	2.290000E-5
178.000000	62.000000	2.380000E-5
179.000000	62.000000	2.380000E-5
180.000000	62.000000	2.380000E-5
181.000000	62.000000	2.380000E-5
182.000000	62.000000	2.380000E-5
183.000000	62.000000	2.380000E-5
184.000000	62.000000	2.380000E-5
185.000000	76.500000	2.600000E-5
186.000000	76.500000	2.600000E-5
187.000000	79.100000	2.680000E-5
188.000000	81.700000	2.730000E-5
189.000000	82.500000	2.740000E-5
190.000000	83.300000	2.770000E-5
191.000000	84.700000	2.790000E-5
192.000000	85.000000	2.790000E-5
193.000000	86.300000	2.810000E-5
194.000000	87.100000	2.830000E-5
195.000000	88.200000	2.850000E-5
196.000000	89.700000	2.870000E-5
197.000000	91.500000	2.910000E-5
198.000000	92.500000	2.920000E-5
199.000000	93.900000	2.950000E-5
200.000000	94.800000	2.960000E-5
201.000000	94.800000	2.960000E-5
202.000000	97.200000	3.000000E-5
203.000000	98.100000	3.020000E-5
204.000000	98.100000	3.020000E-5
205.000000	98.100000	3.020000E-5
206.000000	101.600000	3.070000E-5
207.000000	101.600000	3.070000E-5
208.000000	104.800000	3.120000E-5
209.000000	104.800000	3.120000E-5
210.000000	108.100000	3.170000E-5
211.000000	108.100000	3.170000E-5
212.000000	110.300000	3.210000E-5
213.000000	110.300000	3.210000E-5
214.000000	112.700000	3.250000E-5
215.000000	112.700000	3.250000E-5
216.000000	115.800000	3.290000E-5
217.000000	117.900000	3.320000E-5
218.000000	121.100000	3.350000E-5
